uuid	value1	value2	value3
8cf62be1-7a2d-4d21-86f3-d8f7d7310f2b	-0.04245283 	-0.01477832 	0.01500000
0a653fdd-3eb8-4b38-8792-7d99a1d8aa62	-0.02254098 	0.01677149 	-0.01649485
b2eb448d-b5e6-47f1-82e6-5fe79e51d907	-0.00829876 	-0.00418410 	0.00420168
fb69261b-3fdb-4022-a5c5-72f6e78ea76c	-0.00434783 	0.00000000 	0.00000000
c2bec1ec-adde-4e90-828d-961bf710e150	-0.17454545 	-0.02202643 	0.02252252
02a2a960-c173-4db0-b482-b5e9d3d21060	0.00000000 	-0.01282051 	0.01298701
f7e50acd-f0ea-475c-9f8b-9b540d03fe0b	0.00440529 	0.00438596 	-0.00436681
433edd6d-1e26-414a-a0d6-257d6d2adc0f	0.00000000 	0.01127820 	-0.01115242
e0906dbc-b57b-4443-aa21-9b99f7ba6c22	0.00401606 	-0.00400000 	0.00401606
2c16f3ee-f5f4-47c7-b0bb-b3ecaa3d5afb	0.02000000 	0.02745098 	-0.02671756
df25a8a4-3183-41a9-be8b-a0aac6150884	-0.01792115 	-0.01459854 	0.01481481
4313bb44-6dab-419e-ac29-0abec66fbcba	-0.00738007 	-0.00743494 	0.00749064
afe6b4e7-d5f7-409f-b4f0-39e68d8836f9	-0.04912281 	-0.00738007 	0.00743494
e21fd3d4-1a5c-4cf3-ac5f-cdd3460f9f65	-0.00325733 	-0.01633987 	0.01661130
3af6df59-4792-4b17-9420-57c5aee4149c	0.00265252 	0.00793651 	-0.00787402
47c4ac1e-114f-45a9-b5a3-06b23a652359	0.01145038 	0.00603774 	-0.00600150
a357834c-637a-4b83-b5df-116a8e4e0983	0.01983003 	-0.00277778 	0.00278552
54fe81e4-0838-4d02-b5c1-6d78270fd037	-0.03439153 	0.01369863 	-0.01351351
314cb74d-b0eb-426f-93e8-7c4b1098ad5a	0.00273973 	0.03278689 	-0.03174603
46c6674b-9029-497e-8cd2-a3bc67c972aa	0.00547945 	0.01362398 	-0.01344086
e6c7226a-2837-4af9-8f8d-dd898a5384ca	0.00294118 	0.01466276 	-0.01445087
79fc57eb-cba9-4c81-88a5-bf6757ca2c3d	0.02137767 	-0.00813953 	0.00820633
bd85ed68-1eab-40d1-8d99-50388aaadd14	0.09968847 	0.02832861 	-0.02754821
9172fb3f-c99d-4095-b57a-7385f32c1524	0.00857143 	-0.00849858 	0.00857143
f9bf3310-c418-4d65-bab6-d43d73a1507b	0.00583090 	-0.00289855 	0.00290698
db834bb5-fe69-4edb-b0e2-e0d86d1b9a1b	-0.01842105 	0.00804290 	-0.00797872
f0d008af-50f8-4ba9-a345-cdee81504b5e	0.00000000 	0.00995025 	-0.00985222
7f2aa172-ac6a-4fda-97ac-debe41d21bb4	0.01049869 	0.01298701 	-0.01282051
906c18d0-2dc7-406f-adaa-c05e4705ec86	-0.18065967 	0.09881061 	-0.08992506
9612dff4-6ceb-4e4c-8e44-4b761fd30906	0.01298701 	0.02307692 	-0.02255639
aadf2638-aec4-4794-9162-313ed33d14a2	0.00212766 	0.00000000 	0.00000000
bfc7a061-749d-400b-bcab-0f3eb3d9283f	0.01558442 	-0.01023018 	0.01033592
92cb6ca2-9b92-4467-bc06-c7cf0cb37859	0.02234637 	0.06557377 	-0.06153846
a32132a3-0ae1-4cce-bcc0-b5512cffc3a9	-0.00393185 	-0.00657895 	0.00662252
72e7be3f-e9b9-4645-b18f-487818805c8f	-0.05903614 	-0.02688860 	0.02763158
d1019f3e-d1a1-4d3f-98ba-12bf142f1694	-0.02114428 	0.00381194 	-0.00379747
e59496c5-5990-430f-a29f-7d02b813a29d	-0.00385356 	0.00386847 	-0.00385356
d8e262c8-a84b-4f0c-bd06-483c8d48ef59	-0.00738916 	-0.00496278 	0.00498753
aceb3f98-9bdf-42ba-a9f4-3c5b0af5d8ef	0.06860158 	-0.00617284 	0.00621118
b623144e-cc73-4845-bcad-4717ce810c88	-0.03071017 	-0.04554455 	0.04771784
eb90ac44-631c-4eed-a715-9141ee474a2c	0.00000000 	-0.01612903 	0.01639344
545e4b4b-7569-45e6-984b-9590363b214f	-0.00475059 	0.07398568 	-0.06888889
c6b1cd03-8cf9-4547-8537-5cfd4f410c91	-0.01904762 	-0.01213592 	0.01228501
a9bd470b-c1a8-41b8-a1aa-5a8dc00b13bd	-0.02857143 	-0.01529412 	0.01553166
1a4aae5e-5645-4e3a-856d-fae73694df86	-0.01545254 	0.02690583 	-0.02620087
bbf49f74-6a08-48f0-96db-e9512fec3d95	0.27319588 	0.10040486 	-0.09124356
f720ec02-f597-4c0e-beee-43e63c1f539a	-0.00686499 	0.02304147 	-0.02252252
6ccd2a51-a12e-4dad-8b8d-33b019901be9	-0.00455581 	0.00000000 	0.00000000
70bc13ba-f898-4055-be4a-4b40f2f63c63	-0.00659341 	-0.01769911 	0.01801802
02cb55d4-9c1b-46ea-8962-14889b3e931d	0.00690449 	-0.02857143 	0.02941176
2a61014c-266f-45d1-b725-c0667a98b52c	0.00580720 	-0.00923788 	0.00932401
8f0b42f3-894c-4d74-b372-87112e79fd18	-0.01917178 	-0.00781861 	0.00788022
a975d08f-5b49-43d8-92cb-2056b9b1de89	-0.00845666 	0.05330490 	-0.05060729
fd2f2ad5-965f-4143-a371-86b687717554	0.00000000 	0.00000000 	0.00000000
56c396b2-84dc-4447-921b-70aab6226766	-0.01890756 	-0.00214133 	0.00214592
649e8e38-80c4-43b3-9878-244ba737d37d	0.05418719 	-0.00700935 	0.00705882
2f9d41f3-ffdd-4670-b11f-b768ab76aacf	0.01376147 	-0.00452489 	0.00454545
3851ff6c-356d-4701-a2ee-abdb53e802e3	0.00453515 	0.01354402 	-0.01336303
a69e45be-2909-4e79-b157-96e061100054	0.00393185 	-0.02349869 	0.02406417
cd0682ef-c648-4147-a68a-e60a1f65bb09	-0.01140684 	-0.01730769 	0.01761252
439d322c-3945-4abb-8989-4c5f35fcf228	-0.03173077 	0.13604767 	-0.11975524
bbc30bfe-7154-4780-a197-68d4bec9f3ce	0.00847458 	0.01680672 	-0.01652893
81bfc3f1-e04b-4250-9455-37f53705ab8a	-0.03958333 	0.03036876 	-0.02947368
c048f29d-a3a8-4598-b8df-97a5c3567cd8	-0.01945525 	0.01388889 	-0.01369863
987c816e-2d6c-4f21-820d-a9e749c8db68	-0.00210970 	-0.01902748 	0.01939655
e013f815-48dd-4c39-b128-f794ffc2ecbf	0.01131687 	-0.00915565 	0.00924025
ce95af56-8b57-4a96-acc0-594f96872ada	-0.00766284 	-0.00386100 	0.00387597
350c248e-17f5-4956-bd06-e2dd241d46b2	0.05000000 	-0.02484472 	0.02547771
04c5fd41-adfc-4c1e-a69c-a4c6bd899dc1	-0.03162791 	0.00864553 	-0.00857143
0d0cb052-397e-40b5-a009-ae81a8b9d1c5	0.00191571 	0.00382409 	-0.00380952
4d3d1641-fa93-4e64-b708-9a8c085ab86b	-0.16124031 	0.05175601 	-0.04920914
6582c9af-abdf-4e27-a207-65be5b885ced	-0.01941748 	0.00198020 	-0.00197628
2e75c01b-338a-4609-8c57-c0fe76ffcf0a	0.00967118 	-0.00766284 	0.00772201
22947421-39be-4356-9074-c1c08b1b53a0	-0.00579151 	-0.01941748 	0.01980198
9a0a90e8-e85d-484d-b012-63bff893505e	-0.01428571 	0.02053140 	-0.02011834
d9e03037-d512-4e78-bf29-107365268cd8	-0.00933707 	-0.01036758 	0.01047619
df9226dd-273a-41c7-bf88-af6cc1c2a15f	-0.01666667 	0.00753296 	-0.00747664
9acf6ea0-44bd-4665-9910-378a17336f8b	0.00950570 	0.00188324 	-0.00187970
39fd2f62-e656-4abe-b546-7fb897f3f8bc	0.01978417 	-0.00881834 	0.00889680
e87bc87e-e85c-4819-b638-ae2e0c028c49	0.02973978 	-0.01444043 	0.01465201
0eaf803e-e2a6-4fb0-891c-294b2364f187	0.01451906 	-0.00178891 	0.00179211
c2bea9aa-8848-46f4-98ae-4cc640952823	-0.01094891 	0.03505535 	-0.03386809
c79ed1de-a89b-4693-bf33-cdfed1ae07db	0.00805009 	0.01064774 	-0.01053556
68ae9ab4-d235-4940-b5e1-bf4df79478c5	0.01064774 	-0.03511852 	0.03639672
e65db6e3-2903-440e-85e8-1ca0e748b8e5	-0.00341880 	-0.01543739 	0.01567944
bea0e758-46c7-4cb8-86b6-3cff714c5c4f	0.04318937 	-0.02866242 	0.02950820
166443bb-16fd-491a-b225-0598b37140db	0.09995171 	0.10008780 	-0.09098164
f84cb01f-d9e8-401f-bc5e-9572bae605aa	-0.00583431 	0.00704225 	-0.00699301
7d9f2154-7b1d-4242-9486-20da391738d5	-0.01503759 	-0.00327154 	0.00328228
d9e3973c-d189-4429-8989-807676b356e3	0.00704225 	-0.00116550 	0.00116686
45608354-1173-4bab-90f6-e3cda3923783	0.00000000 	0.01604278 	-0.01578947
0384e2a8-6186-429a-a462-551a42bc92d2	0.00158730 	0.01584786 	-0.01560062
ca051dbe-3d72-4bac-a31c-7c5a2468b917	0.00671141 	-0.01333333 	0.01351351
86bbad88-d5a1-4227-92b7-9745399c1b02	0.01604278 	0.03157895 	-0.03061224
20851587-93e2-4666-a39f-475c4cf3ee1e	-0.00483092 	-0.00970874 	0.00980392
3e2e3579-6186-40af-a239-527a4160cb1a	0.00000000 	0.01520270 	-0.01497504
995d2baa-6d52-4936-b58d-bfb38715f430	-0.00648298 	-0.00489396 	0.00491803
a88dd237-5cfc-481e-bcce-3d3777afad76	0.10133630 	-0.01314459 	0.01331967
af08c823-a284-4aed-a494-1b6f7264bbdd	0.01138211 	0.11736334 	-0.10503597
1259e0f7-d1c3-4a9f-bdef-8ab208f5bdd7	0.03464567 	0.00456621 	-0.00454545
9413ea57-0d26-4861-bd95-e06ef386d73f	0.02317073 	0.04946365 	-0.04713231
e7c35739-3b56-47ca-869a-3ef38f804f31	-0.02184087 	-0.00318979 	0.00320000
187b8a58-faa4-42b6-ad5e-62c88205a016	0.00149477 	0.02089552 	-0.02046784
7cb75ec4-99e1-439c-ad3e-8b6bc0c9bf13	0.00623053 	0.00928793 	-0.00920245
3aeeedd5-25a0-4e33-8ca5-92f50d9917b6	0.00219058 	0.00491803 	-0.00489396
7ec73bfa-ac5f-4bbb-ad39-c90dfa34c860	-0.01406250 	0.01267829 	-0.01251956
094c3355-6d2d-4ba4-89a2-2fac5f3f48cf	0.00000000 	-0.00307692 	0.00308642
c01208e3-9ee7-4545-ad5e-9d4f88c1215e	-0.00611621 	0.00000000 	0.00000000
dd27ce49-f596-4b58-a673-87e3ad6ad517	0.00642055 	0.00478469 	-0.00476190
c1274bda-8081-4dcc-b1cf-3acfd96cb9a8	-0.01959620 	0.01877650 	-0.01843044
1d5a2404-1b6e-4660-9e7b-ea1cba9cfe94	0.02349661 	0.03657588 	-0.03528529
f3ede6b8-681a-42cf-9aa4-0abe7951a67d	-0.00777605 	0.01724138 	-0.01694915
5dcf4827-1754-4b8b-b2bd-78e9e178ba4f	-0.00618238 	0.00933126 	-0.00924499
0613c6b3-e2f7-40a2-9d27-e56542cfa97f	-0.00594354 	0.00149477 	-0.00149254
58832dd9-a0d6-4336-b274-a79e74a5fb4a	0.00149477 	-0.00298507 	0.00299401
2f0cbfd4-0074-4511-a03d-144701886a00	0.00269179 	-0.00268456 	0.00269179
949ae306-6c06-4879-9357-ffaf4b3790cd	0.01162791 	0.03879310 	-0.03734440
434433a3-9313-4d16-b257-83dc3cee0eb7	0.04033380 	0.01336898 	-0.01319261
05cb8f2d-93c6-4cb6-9b1e-0cd6c4f2a0e7	0.00693481 	-0.01239669 	0.01255230
b4163bce-f597-434c-a7d9-1f34f8e00176	0.00997009 	0.07798618 	-0.07234432
ee507c51-9be8-4c63-ab4b-d6c0e6babbab	-0.02872777 	0.01126761 	-0.01114206
571ff6c9-db1b-48e3-b865-3de9625e4e4f	-0.03112314 	0.01256983 	-0.01241379
0a84bd24-6e25-40c2-8cf4-caac74d79ec5	-0.01071429 	-0.02310469 	0.02365115
a8d84995-1a06-4afa-8379-ea70f3bbe295	0.01451379 	-0.01859800 	0.01895044
762d2e23-1eb0-4e8f-91b7-24227f69275c	-0.01875902 	-0.00294118 	0.00294985
edbcff2c-8f50-417d-b001-d14bab49857f	0.02282454 	0.01813110 	-0.01780822
a1fa31bd-807a-4e11-ae2b-35e92897be31	0.02812940 	-0.02872777 	0.02957746
559751f6-1659-46b7-a620-cdcd05aa8748	-0.00783546 	0.02615992 	-0.02549303
4946691d-eb69-4d18-a3f9-df001b6b9109	-0.00375000 	0.01254705 	-0.01239157
bd6b3f65-93d7-4f52-8c82-edf0252f1f5e	0.01122020 	-0.02219140 	0.02269504
4d86f277-6606-43ed-8aeb-568076d01680	0.02861035 	0.00000000 	0.00000000
905cf950-0448-406f-953e-fdc90d46499e	-0.00266312 	-0.01335113 	0.01353180
0f3117ce-155c-491b-9717-fbc536b06557	-0.00690608 	0.00000000 	0.00000000
2589b86e-e054-4add-8c60-6c0eb7324844	0.00000000 	-0.02503477 	0.02567760
11c1357f-a0fe-41b0-a4c2-93080f87a60f	0.00474383 	0.00566572 	-0.00563380
e63dd9fe-4c89-4200-b229-3b0793c29f4c	0.02609890 	0.03614458 	-0.03488372
beef8785-b379-4cfc-8c00-0c9978ce5995	0.00983146 	-0.00417246 	0.00418994
203427f6-a8f5-4c14-8976-a355e3002e12	0.01673640 	-0.03292181 	0.03404255
c4321bd8-24bc-43f4-8093-1eb3a8b2c24f	0.04449938 	0.00295858 	-0.00294985
c6c49a86-f2b7-4b62-94a4-32830586e1b8	0.07798618 	0.02747253 	-0.02673797
b0be20f0-f16c-4dfd-9cfd-0f31789970f6	0.00295858 	0.00648968 	-0.00644783
4b7df0f1-7433-4379-8b21-0f8fcaee1e31	0.02933619 	0.00686499 	-0.00681818
f3b25e25-9b90-4e30-b534-7095ac60bd21	-0.00813008 	-0.00409836 	0.00411523
bd8dbca9-6383-41b5-89e6-842da9dc7816	0.01664355 	-0.03410641 	0.03531073
17627793-af17-4554-8412-db5db59edf01	-0.00356718 	-0.00954654 	0.00963855
d2158f21-ff60-4cb0-b078-9c88872f297c	-0.04988789 	-0.03539823 	0.03669725
08d04a19-42aa-458a-a6dc-f5ad573dfead	-0.01574803 	-0.00266667 	0.00267380
0dbe04da-3857-4354-bb3d-dd42e67cad8d	-0.01622323 	0.02242744 	-0.02193548
24bb4b30-7992-474a-b1d6-d4d7bf5f1baf	0.05633803 	-0.01176471 	0.01190476
3ab8fed0-1618-4fcc-a00a-5c2f70c2d275	0.01485149 	-0.04146341 	0.04325700
1f1c9a79-b4a6-42c4-89e8-2e9886a3da6c	0.00655542 	0.00473653 	-0.00471420
f8d90965-212f-4d8f-818e-55f34cfe9979	-0.01478041 	0.00771539 	-0.00765632
312ea817-1b5a-42ac-bad0-6e7ab31e470c	-0.02557545 	0.00918635 	-0.00910273
c151fa4b-e6ba-4f68-8169-72c119fec7d6	0.01731025 	-0.00130890 	0.00131062
b88179d9-f25b-4e6b-8b28-465c80b902ee	0.01101322 	0.00261438 	-0.00260756
8957e9cf-4ae1-4afa-b6fa-8b7b1f6581a2	0.00505051 	0.01256281 	-0.01240695
7683bec3-1bbe-4514-90ad-024cbdc26768	-0.00733496 	0.00985222 	-0.00975610
1d7ee11f-6a10-48e2-9245-39e3df4c51d5	0.04226268 	-0.00436681 	0.00438596
b1863c31-f940-4678-9af2-7e20a82ad0ee	0.02774275 	0.00613497 	-0.00609756
8854e9da-4c78-4763-9abc-8b195cb5be77	0.01207851 	0.00149180 	-0.00148957
ae22a65a-058d-4163-8a30-eda79be5bc50	-0.00884956 	0.01530612 	-0.01507538
3aafa41a-4aed-4d15-99fe-e3332f66a67c	0.00061538 	0.01353014 	-0.01334951
4bebc3e4-43c9-4825-8338-beac6880919b	-0.03803132 	0.01162791 	-0.01149425
11fb0dc3-65f0-4866-ba0e-73db84de676f	0.01566580 	-0.00899743 	0.00907912
efabd86a-73ff-497b-9669-4b8550f38d4e	-0.01069959 	0.03993344 	-0.03840000
2cd09e59-5552-410a-9360-ad4279115c01	-0.01008827 	-0.00127389 	0.00127551
15bc752e-87d1-4c00-a2e6-3214456b3b72	-0.00930233 	-0.00704225 	0.00709220
1b74d1de-b460-4bba-9fa8-202fbae02f27	-0.00979887 	-0.01875000 	0.01910828
c7a8323d-f466-4aa6-b9da-8cf230528ffd	-0.00576369 	-0.03188406 	0.03293413
981a3a4c-ca72-415c-a6e1-bf66a3135f64	0.01429109 	0.02002225 	-0.01962923
ec38b62d-dd8e-45e1-b496-af1eae7c8ecc	0.00868486 	-0.00738007 	0.00743494
586b277f-ed5c-4e81-9d88-138ba7a9d42d	-0.00218818 	0.00219298 	-0.00218818
045ecd02-6a47-4e22-acc5-3324c5fa5b89	-0.04384217 	-0.02959566 	0.03049828
8fd62e35-39bf-4853-a309-e0f238b28d42	0.01873536 	0.01839080 	-0.01805869
f5b49819-5729-445f-ac4d-9e09b0318dac	0.04006541 	0.17138365 	-0.14630872
058190e5-09f0-4352-b1c6-3388d73e4a4f	-0.07011070 	-0.02619048 	0.02689487
098a9c3a-5349-4862-a94f-4a75a7da1ee8	-0.00406091 	0.00713558 	-0.00708502
781526be-373f-4b09-99ad-15a163fda3e4	-0.00233918 	0.00058617 	-0.00058582
afcfa091-d500-41a2-a54a-93612e3ab16b	0.00359281 	0.00835322 	-0.00828402
ffef7b33-8fa9-4190-b72a-875bbc3d59c6	0.00564334 	-0.00673401 	0.00677966
722d6afe-7cbf-4fab-aa0d-6a92a34bf670	0.00886918 	0.01978022 	-0.01939655
215cdea6-453b-4e8e-b379-a3d1a672bf3a	0.03246073 	0.02332657 	-0.02279485
c530e60d-5b7a-4e4c-bafd-a0216cfa9c3b	-0.00537634 	0.05405405 	-0.05128205
2cbcc76e-3f6a-4372-ab5c-d18f644f3c5e	-0.00235294 	-0.00660377 	0.00664767
0235ebef-b82b-4f5d-bed6-03261c1a95fe	0.02380952 	0.02104097 	-0.02060738
18586886-b775-4384-9fca-bbb144150838	-0.01195900 	0.02593660 	-0.02528090
79ac5ead-a192-4409-9972-8e9d5c6c0034	-0.01250000 	0.04487917 	-0.04295154
b9e51774-c789-404b-8a04-a6f0634f6976	0.00191939 	-0.00383142 	0.00384615
2ff604e3-3fbe-4514-93b5-c620af1de167	0.03837472 	0.01739130 	-0.01709402
59dfca50-b5ac-4c6d-aaf8-d61b6ad59767	-0.00207469 	0.00727651 	-0.00722394
1ab7a1f3-2259-4e91-9e9a-4b3b4d997daa	-0.02964119 	-0.01982851 	0.02022963
5ea4b67d-289d-4658-aeff-25c989c9970b	-0.02016985 	0.01408451 	-0.01388889
7763319d-5921-4248-a79f-ddf926e0328b	-0.00684932 	-0.00091954 	0.00092039
718aaf2d-4bb1-4af7-b67b-b934c020e648	0.00000000 	-0.02360515 	0.02417582
db479563-9667-4ede-94df-520b55ddff8e	-0.02304965 	-0.00907441 	0.00915751
08644c3f-af24-4444-bdf1-edfd401154a6	-0.00424178 	-0.02236422 	0.02287582
d2ece047-a07f-4cb3-88d1-085330946edb	-0.04064171 	-0.04459309 	0.04667445
42ed9406-fc24-48bf-bc21-78838949f156	0.01140419 	-0.00390879 	0.00392413
e62c5905-d801-4c40-9f8e-056d2de79fa6	-0.01748971 	0.01151832 	-0.01138716
4a918222-a773-4f49-80ad-a171e337eda6	0.03926097 	-0.00555556 	0.00558659
86a7edc6-8ec3-4d9a-98ed-99014a9195b8	-0.01015228 	0.00307692 	-0.00306748
ed3b8e05-8b70-4aed-bb5d-6a8c0faf7e71	-0.01473684 	0.03205128 	-0.03105590
3089cc8d-afb2-48b1-a602-2370e3576c9f	-0.03346080 	-0.01780415 	0.01812689
d6e211f8-1559-49bb-82ac-27fa51034abc	-0.00306435 	-0.03995902 	0.04162220
60a5719b-e8e9-4868-b4e4-bb1dd8fbc0c6	0.01314348 	-0.00324324 	0.00325380
ed284f0a-417f-4d9d-aac0-97dabffc8869	0.00520833 	0.05906736 	-0.05577299
8fe9e384-8e86-4e70-89e4-f5357c72730e	-0.01886792 	0.00213675 	-0.00213220
ddc7f322-3ebb-4b8b-a642-34a592050979	0.01536773 	0.01297297 	-0.01280683
91c88474-34e5-4403-8d33-e2a7b9ab884b	-0.00390244 	0.00489716 	-0.00487329
dc0fd07c-3d83-4286-b7f5-c42d440390aa	-0.00847458 	-0.02403846 	0.02463054
f3b6ac61-e5c6-4338-ba59-88606fead384	-0.00956429 	-0.00643777 	0.00647948
d14f96e1-ace6-4ee7-9287-08c7b3b2fb89	0.01297297 	-0.00747065 	0.00752688
32801a4b-b8dd-4c4a-a5c9-792de946bc54	0.01382979 	0.00104932 	-0.00104822
0facc7f6-a7da-4f9a-bcdc-3f83233ce066	-0.04714142 	-0.03473684 	0.03598691
a76caec6-8294-49d7-a937-133f80b366c2	-0.00283286 	0.01136364 	-0.01123596
ce2aec84-1af5-427b-b4fd-6104cad46e28	0.01740812 	0.00475285 	-0.00473037
6640a5ae-4ae9-4b70-bb33-b01ba2e5053d	-0.00981354 	0.02081269 	-0.02038835
ef928ae3-bcc3-417c-9df9-8db90922e5fa	-0.00546976 	0.00452928 	-0.00450886
35461fb0-af5f-4f3b-889a-eb69e3ca1360	-0.04954955 	-0.00387764 	0.00389273
943c3f42-3ef4-40dd-8344-81d5fcc15533	0.00849324 	-0.00187149 	0.00187500
ccd8cfaf-b884-4a4a-a814-a8290d8229c4	-0.05754717 	-0.01901902 	0.01938776
4c9badaa-c14c-4cb5-a8fc-fa353fdeeed7	0.17138365 	0.01275168 	-0.01259112
a925e40a-bdd7-4407-8ee6-5c84ff4a3447	-0.00854498 	0.00311228 	-0.00310263
38917e1e-0db9-4e0e-8145-3c4b42481a25	0.03235014 	-0.01658986 	0.01686973
8dec592b-d120-4ef3-abb9-b4f08f596896	0.00100908 	0.01411290 	-0.01391650
1a61c22c-d454-41fe-aab3-8019e7d8f058	-0.03200000 	0.00578512 	-0.00575185
e774622d-9212-4b47-91e2-e020aeed39e0	-0.00284024 	-0.00854498 	0.00861863
447bc281-4727-487e-bc7d-a4fbce792b0f	0.00203459 	0.01522843 	-0.01500000
f05241d3-ce81-42bc-b5b0-79a3c36777e8	0.00785083 	-0.02921130 	0.03009027
cb584807-923b-4e37-9b62-7af2aee725bc	0.00578512 	-0.02218570 	0.02268908
ea12f040-c596-46ae-9009-9e27ad234df9	-0.01759531 	0.00029851 	-0.00029842
71cccdd3-7923-4e6c-8441-39c7792c0620	0.00712106 	-0.01717172 	0.01747174
4ed2453a-3766-4110-a969-102da74d8ee2	-0.03059679 	-0.00156250 	0.00156495
e0d20527-30b2-48b4-a40c-93458515bd43	-0.00780546 	0.00151286 	-0.00151057
965ddca4-5433-4c45-afe5-ee6f231cb103	-0.01188119 	0.00300601 	-0.00299700
f7e2cd94-11ec-45de-9d02-8e4de3cc88a0	-0.01478060 	0.00609470 	-0.00605778
ae0180e0-41de-48d4-a2cf-fb60d0d243ef	-0.01217228 	0.01706161 	-0.01677540
1fe73e40-cf06-48ac-b107-8a45bf1bf638	-0.01440230 	-0.00949830 	0.00958938
a3be241a-0c30-4fe0-b7eb-cf13a0555d08	-0.00726033 	-0.00014925 	0.00014928
fad26d03-14da-4333-bca5-0646d1f3e7b6	-0.04460303 	0.02521008 	-0.02459016
d1c3b359-bbf9-47e9-94bc-064b7bde4a73	0.15317287 	-0.06688805 	0.07168277
6f3cca45-84ef-4f05-82ce-f03fc3155976	-0.03849722 	0.01109503 	-0.01097328
7e19d727-fcb3-41d7-aaad-78b7ce028197	0.05566219 	-0.00727273 	0.00732601
e1cc0816-207b-49a5-a6a9-f52017110633	-0.04399185 	0.00639114 	-0.00635055
a4ed9d6c-6933-40e5-8a68-984decf1a782	0.02941176 	0.03809524 	-0.03669725
34ce0d7c-be5c-4e1c-9ceb-b8fe8b8e5af5	-0.00355556 	-0.02140946 	0.02187785
8fa60996-6f1d-4315-93e7-a005d2db448a	-0.02407407 	0.02466793 	-0.02407407
b978524e-9c28-49df-8314-47d6916d8101	0.00094340 	0.03298775 	-0.03193431
64dffdae-63a3-405b-a506-2957a8e9c5ab	-0.00285987 	0.02485660 	-0.02425373
59e0cda8-f6eb-4ec8-b954-a3bb1c2bf990	0.03691814 	-0.00541796 	0.00544747
6af3e2b4-b85a-4baf-994f-32a2a6f0e360	-0.00915751 	-0.01478743 	0.01500938
9bc49a0a-7552-417d-8879-7f84c9cedc1b	-0.01372370 	-0.03849722 	0.04003859
cb90a9af-f32a-4d07-9dad-fcf9a3408730	-0.00652985 	0.00563380 	-0.00560224
862fbf03-30b7-44f2-8ddc-78cf38636d9b	0.03548387 	-0.01059190 	0.01070529
a515c81e-e06c-4d5b-aa61-77d2fb640151	-0.04435484 	-0.01518987 	0.01542416
a000940f-a9f2-4a46-a72d-05368d88cfe5	0.02708006 	0.04356133 	-0.04174295
6494f504-0842-4a22-90c0-aed95faaad97	-0.03000000 	0.00557258 	-0.00554170
32478992-ba24-4c92-9f7c-3a1f4a21fa2c	0.09113422 	0.03949160 	-0.03799127
8e2e03b9-298b-4228-86fe-90f5866415d0	0.01581395 	0.00000000 	0.00000000
6236b04c-3079-451e-9f58-5541c7b28c4d	-0.01788909 	-0.03642987 	0.03780718
78e12045-cc80-4a78-919c-97f3726bf3a7	0.00852400 	0.04270463 	-0.04095563
d7fe1ca5-108b-4d66-8c03-4bef885d9343	-0.00815217 	0.01369863 	-0.01351351
25497388-bfc8-4216-b0ee-465cb659e19e	-0.01351351 	0.00000000 	0.00000000
5752b811-e088-4798-9bb6-a165a03b46b1	0.00851064 	0.01265823 	-0.01250000
24e38b3b-5383-42e6-89fa-cfa64d0791a5	0.02396514 	0.00042553 	-0.00042535
c876f9a8-aade-4cf5-af7c-e96b88fb59c1	0.00758180 	0.00594059 	-0.00590551
3d59298e-d7b8-45fd-be78-51818b38d13a	0.03734088 	0.02945187 	-0.02860927
98390824-3240-4651-806f-7314ac2ca2d7	0.00877193 	0.08695652 	-0.08000000
04386b20-053b-42b2-8422-31e16fab4837	0.00806452 	0.00000000 	0.00000000
2f627e1c-48b1-43b7-a844-e02c457dd6c6	-0.02554648 	-0.03000000 	0.03092783
f9fadbfd-c8ce-4b6d-a00d-21ee514aadac	0.01987353 	-0.01062888 	0.01074306
19bac41c-a82b-4f9f-9e35-7853d78008df	0.04356133 	-0.00549249 	0.00552283
1d32da12-a7b6-4712-9278-70ec645956e2	-0.02183040 	0.00944206 	-0.00935374
642cf447-e772-4086-ad21-f8855fbd562b	0.03625000 	-0.02985525 	0.03077401
4304589a-7277-4d0a-8c35-f7c1836ab396	0.08503937 	-0.00725689 	0.00730994
2654b439-4c56-4f16-89bd-baf9ef5a161c	0.01446100 	-0.03239741 	0.03348214
4ed9ceb0-ac5f-4573-b691-27e178b640d0	0.10714286 	-0.13709677 	0.15887850
3fff707e-65af-422a-b633-45b4fc8d889b	-0.01057246 	-0.01876466 	0.01912351
1d071d2e-d68f-41ca-9b0a-e2f544c82d4a	-0.00653595 	-0.00657895 	0.00662252
a9cdea49-3909-4b97-8698-664580275d04	0.04743665 	-0.04163151 	0.04343998
30d90752-6ee8-44ba-9077-6aa1f76debb9	0.01323408 	-0.00653061 	0.00657354
7a890a6f-5d32-455f-9bf6-5b9eaf45ed52	0.00069832 	-0.01744592 	0.01775568
2bd23adc-7053-4fd5-bb69-dcd6ee559209	0.03358342 	-0.00414794 	0.00416522
b22f9050-f117-4a94-af83-59b6bc59bcbd	-0.03091603 	-0.06104766 	0.06501678
af8df4b8-1a0b-417b-8f9f-17d4e6a09e66	0.00582848 	-0.02400662 	0.02459712
5a811024-5341-4f57-aad8-ae9be4285e9a	0.05924596 	0.00762712 	-0.00756939
6a8e9962-d784-44fe-8d8c-6feac811a805	-0.00833333 	-0.01764706 	0.01796407
f523d95a-529b-456a-bbf9-a933dd8f0885	-0.07486210 	0.03066440 	-0.02975207
4b101380-62b5-4edf-82d0-f79a9ed78b4c	0.00490196 	-0.00813008 	0.00819672
d599daa1-1755-4234-8533-65fa26e473cb	0.00676819 	0.02352941 	-0.02298851
e4621b2c-8726-4919-92bc-c37c541756b1	-0.01666667 	-0.01966102 	0.02005533
0c3ff4eb-c4de-4d59-b612-1eed423f6b52	-0.01041311 	-0.00120752 	0.00120898
f9a3e582-dcf1-4cf1-bb04-a5c9dce6417e	0.04173913 	0.02921536 	-0.02838605
36c52d8a-6b58-4b25-a647-b7d745e736fb	-0.00800000 	0.00476540 	-0.00474279
98edb4aa-8e6f-4104-a928-52b46457de90	-0.00081301 	0.00406835 	-0.00405186
52a4189a-14c3-47ff-9c36-9e4aba9af558	-0.01976285 	0.00806452 	-0.00800000
113993fc-c908-4b64-824e-8b622d5c89aa	0.02451395 	-0.02186469 	0.02235344
0041aa64-1c86-4ded-975a-cec9072423b2	0.00912548 	0.00226074 	-0.00225564
3cc68d68-1ac0-40b1-9b0a-5e5f1331b2f1	-0.03086420 	0.00159236 	-0.00158983
5eaf03db-1cba-4054-b1dc-52dbce1888c4	-0.02900188 	-0.02327386 	0.02382844
73edda53-ce58-401c-a136-f6b74d2804f8	-0.02258064 	0.00220022 	-0.00219539
748f558d-716b-4afa-a37e-14dc63235f99	0.09515260 	-0.15409836 	0.18217054
8ef5e54e-3f93-44be-8960-86f702b94875	0.00897471 	-0.00619946 	0.00623813
b5becb8e-c60a-47a0-9b6c-7f880063d041	-0.00081301 	-0.00732303 	0.00737705
039e8711-6918-44fc-8acd-b3452c5fed8c	-0.01593773 	0.00338983 	-0.00337838
44c68542-cb2e-49b4-aa52-cd81c90fa900	-0.00187899 	0.02033133 	-0.01992620
27ce699a-396d-4090-9c44-6aade06f6c56	0.01115242 	0.00147059 	-0.00146843
b3db215b-0ba3-4930-adfb-3e77869be003	0.08545557 	-0.00521376 	0.00524109
d800b08e-7cd9-4aa6-9c60-ac7eb42c1ce8	0.00338983 	0.01051051 	-0.01040119
5c206af4-3423-4e83-b8f9-a80e3494980a	0.02397004 	-0.01975128 	0.02014925
6d843db9-9083-4c3d-afff-71042e777ff5	-0.01349528 	-0.00752394 	0.00758098
a11db359-03ba-4c50-b579-1dc2cd7ce4ed	-0.00769231 	0.06201550 	-0.05839416
2b9cc948-7a07-4883-b77c-0866a800bfe2	-0.06145251 	-0.00873016 	0.00880705
8fce91b8-0f85-4f33-a112-de6a88fb6a39	-0.02786033 	-0.06113871 	0.06512007
b1d87feb-1a01-444f-afb1-4b9764c4874c	0.05564648 	-0.04625323 	0.04849634
417a372a-6d79-49c8-9d8a-ef6dca189aab	0.09620991 	0.00531915 	-0.00529101
0dfbf4e7-67d2-4175-87e8-1c383f3698b4	0.03897436 	0.12487660 	-0.11101360
7f2a550e-8e57-4a55-901b-16abab69ec0e	-0.00031230 	0.01374570 	-0.01355932
c4bb25a1-13b3-4ce7-98f0-efc9837c4d00	0.00303030 	0.00075529 	-0.00075472
afe79925-c0c2-43f1-8c48-7f57a8e62021	-0.01689861 	0.02679474 	-0.02609552
d2c1a988-8fac-4d4a-833b-6391fe7cd26e	-0.02385321 	-0.02593985 	0.02663064
472847ec-56f2-47b4-9b83-3c6d292d3411	-0.00473373 	0.00178359 	-0.00178042
19fbda4d-0fa9-49eb-9945-5a6778dd371d	0.01452550 	-0.02068088 	0.02111761
504edfb2-4ad4-43c7-a9c1-121f14ed5aba	-0.02030075 	0.00690714 	-0.00685976
d9f89629-4a82-43da-a1c6-f90214ca6dde	0.03076923 	0.03112099 	-0.03018171
be2a0d81-d336-4932-999d-dd07f6170ff5	-0.03805497 	-0.06227106 	0.06640625
ff2278bc-88db-491e-b05d-7e2d32c6108e	-0.00150659 	-0.00792154 	0.00798479
12bc2e88-fd1a-423d-96d2-9b8c7e2e3333	0.01728277 	-0.08447381 	0.09226804
1c7e6e0c-9ca4-4a84-b6ab-c573c28d4b5d	-0.14179104 	0.01884058 	-0.01849218
7b07aa8a-7229-47ce-9c94-d74a1fd5ddc1	-0.00319285 	-0.01665599 	0.01693811
ff72fac2-2722-4dea-969b-e85ac1a51377	0.02370690 	0.00421053 	-0.00419287
429c9f23-da89-4fd3-b45a-0ad7df7ce39c	0.00225225 	0.01947566 	-0.01910360
27ccf73d-658c-452a-9c44-abb76c355fc9	0.00886162 	-0.01486487 	0.01508916
a9ec6df9-4bd7-4c7e-a613-fe0e0b799c12	-0.09798832 	0.05035971 	-0.04794521
424f0c0e-b7ed-4a23-9a2e-f6743e9affee	-0.01416765 	0.00359282 	-0.00357995
856cf1d0-1cf3-463c-ac89-fc9a2c5bbd09	0.19227468 	0.10007199 	-0.09096859
6e1978f1-ed82-45db-b1a4-500c0949a8b5	-0.01698514 	0.01223902 	-0.01209104
08091f85-bc9a-4cf5-ad2e-ae46c7ea3354	-0.02624113 	0.00218500 	-0.00218023
61ebc3b4-df1d-450a-bf3b-e7070d7f6e4e	-0.02961433 	0.00283889 	-0.00283086
7e9d82cc-8d80-444e-8793-ae9b699e22b3	0.00218500 	-0.01090116 	0.01102131
f28406d1-025b-4007-9b68-7d06ab4765cd	-0.01114983 	-0.03805497 	0.03956044
6f071134-aa65-4dd6-a83f-58b07a5e5996	0.00547945 	-0.01634877 	0.01662050
6c71599e-ff70-4c50-8e20-80038d0e754d	-0.02338767 	0.04426705 	-0.04239055
55174b17-c533-4f9f-8e17-d79e5f71595c	0.03078024 	0.00555556 	-0.00552486
5485f628-0529-4c5d-963e-95484ff26220	-0.03935957 	-0.01944444 	0.01983003
05e5a917-063c-4044-8a75-f532b5f4353f	-0.02000000 	-0.05565863 	0.05893910
68259464-c347-4045-8bdf-41ea142045a2	0.01660900 	0.00136147 	-0.00135962
30b5729f-e971-47e7-9db4-34bcec18e0dc	0.01013715 	-0.05844156 	0.06206897
167c8f39-1bed-4a48-a7b5-83f96cbd94d7	0.02752294 	-0.00250000 	0.00250627
2a55a779-848f-4461-aca7-ff5e08d3fcff	0.01472651 	0.01520387 	-0.01497617
9e3ddd7e-6207-4b11-bec7-dd6c58e1a545	0.05459337 	0.03534452 	-0.03413793
de488344-6ae9-4687-a616-4c5e1af950ea	0.01754386 	-0.00551724 	0.00554785
1acf7a2f-8fcc-4cf0-8cfa-e44c0f5e8ff2	0.05629630 	-0.00280505 	0.00281294
fe548a40-ffb0-4842-84a2-54c4dd2d65ce	0.05704225 	0.00599600 	-0.00596026
94c8dc88-e1e8-491c-8233-a03aa9748182	0.00516351 	-0.00799087 	0.00805524
8313eb76-e1a5-4eed-887e-8b84d111c5c7	-0.03278688 	0.03728814 	-0.03594771
cceaa425-2bf3-4598-87d2-36a5ddfcfc6e	0.00397088 	-0.00725115 	0.00730412
7b7b399b-7da1-49f5-917d-bb2ca1c24f1f	-0.00206327 	-0.00620262 	0.00624133
88bb5b6c-ea50-4113-b206-eca3942a2474	-0.01034483 	-0.00139373 	0.00139567
dd9262de-39f2-4506-8dd0-6dcb0164cb64	-0.00764951 	-0.03153469 	0.03256151
8ae4d0ec-e4fe-4df2-99fa-ce5b7ec6ff0c	0.01760563 	0.05190311 	-0.04934211
55c584a5-24f1-4816-b1dd-c31ff2efa376	0.00957243 	-0.00252844 	0.00253485
67e66f40-8f7c-458b-a7ef-7832ef4ff027	0.31941924 	0.09972490 	-0.09068168
aa30420b-fc76-4ed1-b8cd-0f1143d76c26	-0.01233766 	0.01589791 	-0.01564912
04800c21-9df9-4973-a2f8-4763ed2ff496	0.07456140 	-0.02857143 	0.02941176
58d1cb5c-34ba-4e3d-a423-f68d7f4a8d95	0.00981767 	0.00833333 	-0.00826446
73c307ce-85e0-4d0e-b4b6-d882ab0320dd	-0.00261780 	0.02952756 	-0.02868069
9063ec4d-c96c-4e2a-b9cb-3b0173e3703b	-0.00484429 	-0.00173853 	0.00174155
6538aa7c-013f-48c7-948d-2ca52975ac2c	-0.02735562 	0.02062500 	-0.02020821
5b9bcf63-2ac3-4c34-ad57-a1ee13e93222	0.04617605 	-0.00758621 	0.00764420
c6f3b4cd-87bb-470c-98d4-2357b1227c16	0.13148789 	0.02446483 	-0.02388060
975fdc61-8c87-4d2a-88cc-854466094a7b	-0.02635046 	-0.00541272 	0.00544218
437f2c00-15f7-425b-81ad-a5f60a7fa152	-0.00341297 	0.00821918 	-0.00815217
5fe5d7dd-14b1-4343-aaf3-dc3393407804	0.04928571 	-0.01633764 	0.01660900
0545fdb3-32dc-4cd3-99d8-fac9bf78a8a3	-0.00273785 	0.00068634 	-0.00068587
a9187363-2601-43e5-8c2e-b39da56acad0	-0.01973684 	-0.01006711 	0.01016949
11230a6f-1e1c-4d56-8a06-c7ecebfc1635	0.00798403 	-0.04224422 	0.04410751
4d96ef84-de98-4c60-b6c2-65f197de4b3a	-0.01346154 	0.01559454 	-0.01535509
d2a3fb91-4d9f-4d70-84d2-fd295a4c1943	-0.00062461 	0.01250000 	-0.01234568
ef1a403e-6f43-4b11-995d-22279befac31	0.02720284 	-0.00230282 	0.00230814
d006dfaf-79a4-4118-8bba-3609f0e0603f	-0.00667037 	-0.00559597 	0.00562746
bebc223d-9cea-4cc8-9eee-10a8624fd388	0.00315856 	0.01385390 	-0.01366460
927ec56b-5f50-4f81-9ebf-9bbdfa89f296	0.02519894 	0.06791721 	-0.06359782
d43f79f9-7ab5-4f6f-9ea2-0bc7dc7f7114	0.00498132 	-0.00805452 	0.00811992
6d8db44c-a3c6-4684-939d-f5ae0f7780e6	-0.00134409 	0.02759085 	-0.02685003
e0641329-e3b7-452f-8fea-855f3995b839	-0.00843882 	-0.02735562 	0.02812500
31fea18a-5177-4917-8cf4-bcbeff92ac7b	-0.00511836 	0.00964630 	-0.00955414
67f2526a-f284-4b5d-96a3-cd90dae98411	0.05190311 	-0.01973684 	0.02013423
4e6fc05d-00a3-406b-ae28-ad8f5b6a24aa	0.03740815 	-0.00901481 	0.00909682
dd643dce-f1ec-49fe-9177-15d2c9642549	-0.01460565 	-0.00197628 	0.00198020
080ac1db-fbfd-4e2c-9d56-ab4d7967d1c1	-0.02703552 	-0.06042003 	0.06430536
8af44347-b354-4050-b3e6-9a24f1bcb14b	-0.00632911 	0.01401274 	-0.01381910
e034b76e-7183-462f-afcd-9281c623d747	0.01301236 	-0.00770713 	0.00776699
254fb8a1-b76f-431b-948f-332dd06fd2e2	0.04360136 	0.01627781 	-0.01601708
60d28748-cc91-481b-aaed-78d517ebafd5	-0.00812500 	0.06805293 	-0.06371681
76445900-1c96-4b87-86fd-3fef1aa3bbf6	0.00452196 	0.02893891 	-0.02812500
79f0b34b-4702-4800-8395-8b615b13f2a2	0.01401274 	0.01758794 	-0.01728395
2152a9ad-bbf1-4e35-8801-9d7b97bc9ad3	0.07131436 	0.02985075 	-0.02898551
be2b8b85-9ec8-4268-a76e-fad740711ca5	0.00914077 	0.00362319 	-0.00361011
e4e9b86b-d8be-42bb-bc2c-679f0215c975	-0.02562574 	0.01896024 	-0.01860744
f57b4f53-5e1c-4233-8c09-7afcd25ae96a	-0.01945153 	0.00195122 	-0.00194742
bdd6b3e0-ce1d-44d3-9e41-79439c218a61	0.01440768 	-0.02156760 	0.02204301
c508e303-4e55-4d9a-b318-9d32a2a13072	-0.00851305 	0.04808243 	-0.04587657
461ef9f2-32b2-4ec4-8289-07224fb7c15b	0.31893688 	0.10012594 	-0.09101317
4d9db202-b107-4a65-a886-ce368482a953	0.03626943 	-0.02911765 	0.02999091
75898485-d84c-4c1b-ac27-e36d4b4240e3	-0.02450142 	-0.00175234 	0.00175541
ffd0af30-4bfe-42fd-8e84-9db5c862201e	0.10000000 	-0.00128041 	0.00128205
936346ab-622a-4492-9446-7491d5266c4e	-0.06420000 	0.00448814 	-0.00446809
57b6f617-60e5-4d6b-bd67-414fb621f089	-0.09549839 	0.02275151 	-0.02224539
813d9d17-289c-46f5-a623-e8c5d12f56d3	-0.01122995 	-0.01027582 	0.01038251
ca108be6-9f2d-4b43-90c6-3c64f5792ac6	0.06492786 	-0.01667535 	0.01695813
53307dbb-9ff8-4d93-8041-6d15f1cd0528	-0.00235710 	-0.00945068 	0.00954085
00da6ebe-926f-4d69-a05e-0ecb9025429c	0.00254939 	0.01398601 	-0.01379310
4edf4864-8598-4e1b-89a4-d27e10984aa8	0.04288378 	-0.02562574 	0.02629969
38446d0f-1bbe-4cc7-801d-1e08e7863e6b	-0.01239669 	-0.03347280 	0.03463203
12abd206-61dc-4ef9-b8e5-2bf67a3c84ad	-0.01586333 	0.02975821 	-0.02889825
55c3f91b-797c-4c0a-8a63-1c58bfb67704	0.01288660 	0.02849873 	-0.02770905
b2e3429f-9258-40c8-ac88-2f3dbc6c7314	-0.01774786 	-0.01059190 	0.01070529
7623f4f6-b114-4127-a18d-384cf6bb2aec	-0.00193798 	-0.03339806 	0.03455203
2c217fd8-c3e6-4fa5-a3fe-c58a2e339943	-0.00029718 	0.00178359 	-0.00178042
658f18e4-ea9a-4272-82b9-2c0c587c03cc	-0.02066356 	-0.00029718 	0.00029727
3da79526-5164-4801-b3d9-a31f0eb9967e	0.03387804 	0.01291442 	-0.01274976
98ce76f0-57e3-4f99-842e-fdc7bd48fa71	0.00920245 	-0.02735562 	0.02812500
6de990e7-05f3-4344-bf41-ea7acbc7e70f	-0.01134430 	-0.00688468 	0.00693241
d46f5aee-fe48-4225-8e4f-ca2ae38ccf5a	-0.02091633 	-0.03204476 	0.03310562
841cb070-4868-47cb-8053-1343a1bea72b	0.00369004 	0.00073529 	-0.00073475
d79ceb2f-340d-4c50-b41f-0cd9b449127e	-0.00308642 	0.01857585 	-0.01823708
3128726c-bd9e-41aa-90cd-c05dc156e02f	0.01331361 	-0.03771290 	0.03919090
bea2b974-ee48-4f5c-9627-5a58d6123923	0.02200489 	-0.00299043 	0.00299940
f86724bb-2ff9-4825-9e54-69a62239435a	0.00805952 	0.00246002 	-0.00245399
a6df09dd-8d3b-4924-9537-a8b201fa60ac	-0.05491329 	-0.00305810 	0.00306748
b84cc374-695f-4b83-b734-ff81cfa90ad8	0.00057670 	0.02017291 	-0.01977401
2b45c8e1-3ec7-425f-a665-0baa2b56480a	-0.00473373 	-0.00475624 	0.00477897
2a39cc7e-a5a2-4b66-9efb-40d4430b82dc	-0.02577320 	0.04320988 	-0.04142012
0cd174bd-e4b8-4185-9f83-5e6b5a50aafe	-0.00024691 	0.02741418 	-0.02668269
c2d1956b-8db0-4492-a54f-f5552712a64b	0.00059737 	-0.00417910 	0.00419664
89a2e42f-627c-4eb0-9193-6542f3b3570c	0.01613867 	-0.01000000 	0.01010101
d9fa8094-14ec-49f4-9652-8680e85ca7ee	-0.02366164 	-0.00151469 	0.00151699
16379e6b-9845-489e-abd3-2463f2a61dad	-0.06183746 	0.03578154 	-0.03454545
1d2d237c-54b6-49de-8bc9-9c09ca39a431	0.00721421 	0.04738292 	-0.04523935
46427ba7-62de-42f2-99ad-71facd7f0315	0.00318471 	-0.00158730 	0.00158983
9cdac07c-d4ce-4a2e-8c25-24f61ceb66cf	0.00789474 	0.02924282 	-0.02841197
28616afc-cef9-48b4-b2f7-dc3a6ccd60e0	-0.00059666 	-0.00059701 	0.00059737
efd4f1ae-17d9-4824-973a-b25264bda93e	-0.04971219 	-0.00881057 	0.00888889
b7e63700-919a-4889-9def-9abd19414505	-0.00236967 	0.00534442 	-0.00531601
5443be1a-a08d-4dfd-8937-6cb163a5ab67	0.00958084 	0.00889680 	-0.00881834
8f2d0773-f50d-4b9a-a5d2-249704db1185	0.00983227 	0.04810997 	-0.04590164
5a95bc6e-0e4e-4459-9898-e9438452ee88	0.06209150 	-0.00358974 	0.00360268
a9726162-6d08-4a21-a70f-fe8c241a9926	0.03389831 	-0.00292740 	0.00293600
7a64280a-a718-4e22-8e38-3ed45cd087b8	0.00462695 	-0.03569372 	0.03701492
19d8c293-5816-40f7-9ece-88a9cf2af607	-0.00171135 	-0.00514286 	0.00516944
9b270ee4-f53a-410c-ad10-cb93a478802f	0.02514620 	-0.00171135 	0.00171429
bab161cc-d833-4310-9a84-54e7d180a467	-0.04112115 	-0.04846154 	0.05092967
033ecd89-0396-4905-a08b-98b2f906d7c4	0.00869565 	-0.01400862 	0.01420765
cae13c00-57e5-4b7e-88e0-c0a04c5f82d3	-0.15333333 	-0.10011249 	0.11125000
4eceabbf-6698-4ee1-b693-e2cd128572ca	0.00217234 	0.02528902 	-0.02466526
c8701ea5-7c0b-4455-9c48-9efbe6926890	0.00393038 	0.00167785 	-0.00167504
7c97fddc-7143-4e38-9b45-12549eb2094a	0.00392597 	0.00055866 	-0.00055835
9e2181a6-bb5c-434b-b514-82ff6b306a9c	-0.01992032 	-0.01544715 	0.01568951
9175e6b7-3072-4a93-a7a8-483e4844e1fb	-0.00391598 	-0.08148678 	0.08871595
f0ed9d68-c5fe-4625-9464-458753ee775c	-0.00162426 	-0.01789588 	0.01822198
256b130c-be99-43c5-ab64-68b275047679	0.02647059 	-0.01661891 	0.01689977
a8f56afd-f021-4d0d-8867-9c1ff8bcb460	0.02659574 	-0.00518135 	0.00520833
b69f0852-72b7-4cb8-99db-18cfce56154e	0.02379570 	0.01473923 	-0.01452514
86555225-cce6-4f94-8d67-d8866ea5f161	0.01902174 	0.01013333 	-0.01003168
37c22136-a5f0-40e8-b52d-934eb7c58d52	-0.00112994 	-0.01357466 	0.01376147
c107e0e8-67f7-4a02-84d2-3593e63edd59	-0.01161504 	0.01846670 	-0.01813187
1b725ac6-7a7f-4fb8-9313-64ef4b8b67f9	-0.01761252 	-0.01992032 	0.02032520
f130ec41-7c37-4f92-90c9-47f37d6294c1	-0.03116883 	0.00160858 	-0.00160600
c3d7fb45-d0dd-4a5c-9170-2d3cde05766d	-0.01160862 	-0.01398210 	0.01418037
8a74388f-00c0-4650-ac84-4bfaa5da4e21	0.00053333 	-0.00533049 	0.00535906
f9e91a10-298c-4736-9762-50a6d2f17b62	-0.01873418 	-0.05005160 	0.05268876
0d9fe66f-c2e3-459b-ba0e-df9e6936292f	0.04899135 	0.01648352 	-0.01621622
e14c1ef6-f388-4302-9067-7e37b2970a61	-0.03457566 	-0.01232558 	0.01247940
d05a0090-8a29-4ec1-be73-69963c656cd5	-0.01054296 	-0.00479488 	0.00481799
31df6ee4-afc8-4cce-a5a5-ecabeb52c010	0.02661382 	0.00772201 	-0.00766284
09c8500b-bc56-4539-9c5c-e9b51a8f412a	0.10005992 	0.10021786 	-0.09108911
1b439788-8a85-41b8-8717-f8492186dea4	0.10004990 	0.10002268 	-0.09092784
755bd1c0-12a5-4ef9-a90f-4c58c2868558	-0.03719225 	-0.01360174 	0.01378930
3b706457-d227-4051-957c-fc47f541bf85	-0.00345454 	-0.00821018 	0.00827815
3abf5b71-bb97-4053-b981-19ba0b89d8e4	0.00026116 	-0.01488251 	0.01510734
99a87575-507f-4216-beeb-fdf2dc021168	0.02989856 	0.00570244 	-0.00567010
dc53bb16-987f-4707-9e85-9f9d164fef19	0.16604010 	0.06448146 	-0.06057547
5fa3f4cc-e76a-4aa5-a5a5-e5dd51c1d16a	0.01075269 	-0.00248227 	0.00248845
604858c7-c602-4613-b8bc-57efdd62555d	-0.00386364 	-0.01323295 	0.01341040
ec69dd32-8578-4993-9cb8-6a2a105d06a5	0.08823529 	-0.03621622 	0.03757712
7a876a9b-da25-450f-b256-6feae998bf45	-0.04756980 	0.01791531 	-0.01760000
1d94ca82-5050-417b-8cac-cf454f20007c	0.02914798 	0.01089325 	-0.01077586
1bedfec2-8ec4-421a-b874-59bec7ce162d	0.00916936 	0.01389631 	-0.01370585
4c6344fd-9733-4b2f-8433-1cb71584b42f	0.00619195 	-0.01230769 	0.01246106
ef903448-2dc5-4645-9afd-c382f7f5a8c3	0.01605839 	-0.00775862 	0.00781929
3ace5f73-48a8-4f02-8c2a-002592c3bc79	0.06353591 	-0.01298701 	0.01315789
0a6f4915-ddd2-4298-94c1-4533e2e2182d	-0.00354610 	0.03024911 	-0.02936097
530b3f04-af23-4264-8798-acba66c21004	-0.00654088 	0.00634233 	-0.00630236
a0975e30-d23c-4fe4-841a-a87f3707c34f	0.09645390 	-0.02199224 	0.02248677
060b665b-f793-44db-84f8-bb595c052d9a	0.00102197 	-0.00459418 	0.00461538
1a50c192-eb84-4084-bd6c-3a5d8265b39b	0.00904255 	-0.01212441 	0.01227321
8325f43f-ab21-43fe-a944-7c973ec4fb9e	-0.00853503 	-0.01066427 	0.01077922
c28ff630-e4d1-48be-b206-877f8958831c	0.00840336 	-0.00486111 	0.00488486
2eee45a6-1845-4da4-a38c-b5a366096c19	-0.00205444 	-0.00772002 	0.00778008
bdfa69e9-05a9-47c7-8a01-ca92ac83c470	-0.08330097 	-0.11035798 	0.12404762
9bc7bb46-d121-44aa-9771-87cfdd6b91ed	0.01305483 	-0.00618557 	0.00622407
6d2a10d2-3994-43dc-a449-d7e943cb4324	0.17764706 	0.08891109 	-0.08165138
f98e9a6d-ffcb-4694-a93f-5e115be676d4	-0.03936270 	-0.01918699 	0.01956233
827998e5-501d-49f9-bf14-270b2206d279	0.02100078 	0.00076181 	-0.00076123
19d75565-085e-4540-a87f-91629e40ae2b	-0.08964907 	0.06899903 	-0.06454545
1fe6c914-42b4-4cf1-91f1-66dee0adf3dd	-0.01415571 	-0.00256410 	0.00257069
ea8c763b-df67-428d-8de1-ab2608eb5f8f	-0.01074719 	0.02431454 	-0.02373737
84b9931d-dc46-46f3-9445-669f2bdc6856	0.03113834 	0.05346535 	-0.05075188
65dcb1ee-c85e-4812-b6a6-01d1fe898b52	0.04436860 	-0.01867414 	0.01902950
c217fdc0-a15a-49e2-8cf5-8333892b08c9	0.00561511 	-0.00253807 	0.00254453
4087e2f5-7b50-41c4-8d2d-42c8634c63fb	0.00978877 	0.06020408 	-0.05678537
e6b70ad9-5a4e-4b1b-9ae4-65b1e166be84	0.01694071 	-0.01861832 	0.01897154
b5a818ed-ab1d-4b03-b3c5-de1078b913cf	-0.02122641 	-0.04771084 	0.05010121
f74cfcb8-bd66-4d74-b012-1535898de5b7	0.00852558 	0.00696171 	-0.00691358
bf1245d7-dc22-40ad-b796-b7c6c53bc043	-0.00336538 	0.00241196 	-0.00240616
abed0ff6-6d9b-4fc6-94b7-f69fd1b9902e	-0.09990958 	0.01205424 	-0.01191067
771ce41b-6a41-46b2-ab0e-017803cbc8c2	0.02463054 	0.00240385 	-0.00239808
be30f891-4c42-4370-a370-66282219d2de	-0.00676983 	0.01363194 	-0.01344861
761db139-be37-48ee-a0b9-8fd49c79cb9a	0.00947158 	0.01975309 	-0.01937046
86bb063f-4589-407b-ac0d-d586334a2ba4	0.00886700 	-0.02392578 	0.02451226
3f6dbf8f-b330-4b10-977c-2289d708cc74	0.02902622 	0.01000910 	-0.00990991
3162a526-b87b-487b-865e-c7ad4086d8f5	0.01578947 	0.01130476 	-0.01117839
23cbb9ed-d9ef-4c53-baf9-efde39a068f0	-0.00888266 	0.06273585 	-0.05903240
93dac4f4-9378-4fc4-b04f-afc344c1bffd	-0.00487329 	0.00881489 	-0.00873786
50a7416b-0522-4d05-8f93-a8e7a12b2622	-0.05138037 	0.00549717 	-0.00546712
07c205b9-5fcf-4aac-918d-b3b9e5107d3f	0.06538558 	0.03068634 	-0.02977273
2101854c-2c07-4f94-8d74-ff30c4696c4a	-0.00428571 	-0.00860832 	0.00868307
48757f37-4d5b-456e-8561-176601d21323	0.21315789 	-0.11388286 	0.12851897
4f0005ba-31a9-4fb0-b5c2-271d209b1c8d	-0.00278622 	0.00609601 	-0.00605908
5a01bd08-566e-4288-be16-9561c5d07fe2	-0.06140351 	-0.07850467 	0.08519270
ac85eda8-7615-474e-b0d7-7e2ef31431dd	0.08751942 	-0.07857143 	0.08527132
322b6b7b-919e-49bd-8c25-d87d80e5c5ff	-0.01968366 	-0.00322696 	0.00323741
802d4875-c394-4501-81fd-143ad19dbebb	0.00478469 	-0.04571429 	0.04790419
18929bd3-dff9-45a2-8344-1004d789d0ff	-0.01574115 	0.01732563 	-0.01703057
bf90e6da-595f-44aa-8f07-7d2bc1f4a159	0.01429230 	0.00000000 	0.00000000
473fb4fc-cbc2-4eac-97da-40d369823b4a	-0.00039108 	0.00547731 	-0.00544747
829d52a1-87bb-4581-a2af-c0a2a6d8bcf8	-0.00293624 	0.01093816 	-0.01081981
0fab3377-4e18-4135-a9a9-5c3e2d357cf6	-0.00689655 	-0.01215278 	0.01230228
29d4e37d-4f77-4f96-a655-22833838681f	-0.01118568 	0.01131222 	-0.01118568
bd6b05a4-7e1a-482e-b246-2ebaaf7a5816	0.00730927 	-0.01405896 	0.01425943
f94b2807-39ca-4924-b34c-bc62688a870a	-0.03096774 	-0.00710164 	0.00715244
75310a1a-bb79-4f74-8f7e-26e24306f60c	0.05390071 	-0.01076716 	0.01088435
743ac4ff-60a2-4a5f-822e-2c05f6a93277	0.03036496 	0.03117030 	-0.03022808
42795e7b-0d30-47e3-bf82-250cdad8442f	-0.01202749 	0.01391304 	-0.01372213
f9ac7a91-56e8-4d35-b4ba-0e382ebc83c4	-0.02140673 	0.02678571 	-0.02608696
f8793ef0-8fe4-444f-a9dc-76366f087a97	0.00468541 	0.00266489 	-0.00265781
65108670-a3ce-4496-a398-7b1c168a11ce	-0.11106712 	0.10222717 	-0.09274601
9575e6d8-ba1a-4a25-8235-aeaef8ec4ade	-0.02551020 	0.03403141 	-0.03291139
442069de-a2c5-4349-bf6a-80974b60f3d1	-0.01602425 	0.01012324 	-0.01002179
b38ddb42-d520-4ba8-9a59-6773280aa638	0.02882483 	0.01939655 	-0.01902748
dca8ca33-003f-47ef-a368-3620e7a66715	0.02079867 	-0.04237979 	0.04425532
83396fe4-b3c2-4c69-bad5-a04c0508926a	0.00219298 	-0.00612691 	0.00616469
8268b04d-48aa-4b9e-8fba-1e3880358fd6	-0.06229508 	0.06075175 	-0.05727235
97ece4bc-9097-46c1-a855-1b3b63085573	0.00302637 	-0.00431034 	0.00432900
b075d870-2860-47f8-9eab-344a2a92e13c	0.00080096 	-0.01160464 	0.01174089
acecaf75-3182-4586-ba60-031cd42fb52e	-0.01694206 	0.11702128 	-0.10476190
7b03023f-977e-43fc-b5fe-5463f7a81e24	0.05945946 	-0.02551020 	0.02617801
2f4c7e94-8195-4e3a-8e84-37811ad327b0	-0.00240500 	-0.00072324 	0.00072376
69c83f42-f71f-483b-8aa2-dee47d21dee7	-0.01235154 	-0.00240500 	0.00241080
1bd91948-6144-4f01-87c0-7a94d18b895f	0.25931929 	0.07679108 	-0.07131474
df312d9f-8116-4b3b-8277-b5c1ff351ad5	-0.00371747 	0.05182421 	-0.04927079
4c93ce44-63f4-4230-9d08-ed16357faa6f	0.00924758 	0.01707622 	-0.01678952
9211067a-864e-42da-8ed5-ea48f827b3a9	-0.01345103 	-0.02854708 	0.02938596
2471f054-e34e-45db-a732-fe70fec98ad8	-0.02888087 	-0.00371747 	0.00373134
b92753da-a073-49d9-b41b-14f6c4f767f2	0.01640420 	0.00645578 	-0.00641437
38c70095-c011-47f5-9c16-0c3dda3cf85f	0.02805695 	0.01018330 	-0.01008064
106eb8e6-85c6-40ab-8b37-f08e5ee8a832	-0.06666667 	-0.01833977 	0.01868240
b21cdd24-6610-4313-aab7-a3fef65f8e38	0.02198731 	-0.03599504 	0.03733906
6fa09ae2-2b2c-48a0-aa2c-b9aff7967d71	0.06777379 	0.12862547 	-0.11396648
803ef94b-adb4-4d24-b78e-19aaa61c0eee	-0.01501976 	-0.00040128 	0.00040145
1e40ab01-8dc9-4d7f-af53-6dde26e23319	-0.02388951 	-0.00573614 	0.00576923
a7f90a02-d7eb-4a08-ba4e-0398cb0ee1ca	-0.01364764 	0.00041929 	-0.00041911
f8f2316a-a389-4dbf-b6b2-b00edce4521d	-0.01318500 	-0.00208768 	0.00209205
28ce8d14-dc4d-4749-a5c2-ef7fccd4c60c	-0.03281553 	0.00742823 	-0.00737346
83ce1c5d-c184-4d9d-9004-777988a73e79	0.00280674 	0.06397441 	-0.06012777
f134106f-3e6c-4c58-89c3-3a76beb26557	0.00280000 	-0.03869166 	0.04024896
1ebc7c99-964d-4c5b-97ce-2beb32f23637	-0.01107595 	-0.01600000 	0.01626016
fe426f11-a69a-4b51-9c63-a9803e77c403	-0.02229055 	0.10455975 	-0.09466192
31ce3ae6-3293-4772-8f6c-911a2cf03818	-0.00191939 	-0.01347483 	0.01365888
94d5d319-b831-4dcb-9668-4536e7bb28d8	-0.11196911 	-0.00395257 	0.00396825
fc6f2063-50fa-4603-8145-9ccc1f385776	-0.01297680 	-0.01394422 	0.01414141
3e7983db-6e68-4db6-86ea-8ed998c8f9cb	0.00585252 	0.00077580 	-0.00077519
995f5cb4-81f8-4ba0-bdf1-0e262df62aec	-0.00394011 	0.00593354 	-0.00589854
712abc48-6bf6-4169-a216-3447ecc9f050	-0.16773573 	0.00000000 	0.00000000
92b97bca-0ec1-4a8a-9165-919cc1f870b4	0.03560127 	-0.01260504 	0.01276596
7eab37cf-7100-4c9b-8688-42993f3e7be8	0.01818182 	0.00992063 	-0.00982318
8ffd712c-a4d8-4e00-93ee-9c8c58d3424e	0.01313694 	0.00078585 	-0.00078524
206b939d-ba0b-4069-baf1-bae51683731d	0.01383399 	-0.02456140 	0.02517986
2b0667d8-a975-44f5-aa8b-e790d0f01e6e	-0.00921659 	0.03875969 	-0.03731343
9ffe04f7-99f6-4b5e-9a7d-130e0148e3e3	0.00310485 	0.01000000 	-0.00990099
b608f0fe-7b36-46cf-bee8-e515ab260e1f	0.00113013 	0.06402193 	-0.06016975
98173671-07ca-4d67-b9a4-eba005ccf0f7	0.00341426 	0.03119093 	-0.03024748
176498da-589a-4f34-8a8c-1664e905fa7c	0.00018692 	0.01663241 	-0.01636029
7ab924d6-ea27-47a8-b247-1d960d42bfa6	0.03625954 	0.04346225 	-0.04165196
087751d9-de5e-42a1-9238-5b2488d11713	0.02241979 	-0.02381853 	0.02439969
b34e63ec-1b32-4acd-ab9c-c8edf5e23d42	-0.02536620 	0.00476540 	-0.00474279
b8e6c486-c3ce-42bf-bffb-bfac9b1b1f78	-0.01903052 	-0.02928258 	0.03016591
3f97b00c-1590-451f-b892-3485af240d56	-0.01560062 	0.00776545 	-0.00770561
56cc8251-ec16-43af-be7a-070c48ea6873	0.08730159 	0.07664234 	-0.07118644
6d56eee4-7df3-4476-98fc-e3722a79fed8	-0.00036075 	-0.00757849 	0.00763636
bd964170-b5f6-41c1-b1bd-d042db99a350	0.02493389 	-0.01179506 	0.01193584
72326179-6aba-4502-9dcf-307e3f0d36b3	0.00269633 	-0.02924370 	0.03012465
39ed17f0-5447-4128-af7c-a971ebc3b10e	-0.00428266 	0.03584229 	-0.03460208
814949ab-17ac-4261-a561-ce2c86b58b3d	-0.16107383 	-0.10254545 	0.11426256
07ba96ae-d186-46cd-abc2-b739978f943c	-0.01814947 	-0.00326205 	0.00327273
cee9fc18-34c2-4e90-8aa8-568bae611458	0.01643444 	0.00175747 	-0.00175439
77e957f2-f391-4659-a404-a0cbd51f9663	0.02106391 	0.00769231 	-0.00763359
129f0f3c-9bbb-42cf-8d74-de863d59a19e	-0.16173184 	0.08497168 	-0.07831695
02d7e78c-a7d5-490a-be38-78bd84b58920	-0.00802232 	0.00668073 	-0.00663640
5a10bac2-dadd-4dce-9bd5-ffb0eaf94345	0.00908174 	0.00666667 	-0.00662252
ca2e0f49-356d-4ae8-be51-2cf1d71cead7	-0.00204429 	-0.00136565 	0.00136752
31c0e2b7-9184-4248-9e86-2b5336c2ac68	-0.15141114 	0.04494382 	-0.04301075
53fa761d-d145-471e-bdec-f1626babc0bd	0.00444901 	-0.00204429 	0.00204848
629e5415-b885-4508-9cb6-c0000ba85d29	-0.00046404 	0.01439183 	-0.01418764
198c22a5-d7fa-4719-bba8-0f1ff1a6d086	0.00928690 	-0.00525797 	0.00528576
90d31221-f45d-45ae-8c39-184b3a592db3	0.15641026 	0.11696231 	-0.10471464
bdfdf99a-fa6a-41fe-a11c-2bd9e634def5	-0.00830936 	-0.05994199 	0.06376414
f9ef0e07-4a7b-4493-8613-80fe8ce71a41	0.01970786 	0.09117781 	-0.08355908
992ec160-cbf4-4b01-b55d-2f5268f0e7fc	0.02692308 	0.00967541 	-0.00958269
0c6dfa15-2d57-41b0-ae23-ce0a9e801380	-0.01356350 	0.00062500 	-0.00062461
d24fe2b1-3c20-4250-aebf-5f6ddf10d2fa	-0.01411835 	0.00517977 	-0.00515308
8c86c984-1310-4c24-999b-21a4abcd4638	-0.03034094 	0.02161290 	-0.02115567
1fbe565e-ae49-486c-84b9-79362c97c819	0.09558824 	0.01789709 	-0.01758242
8875682c-0eee-4737-8063-c47d71b5e072	0.07990398 	0.15751032 	-0.13607682
a4a67886-646b-49c5-99d9-86263e32400d	0.00685358 	0.00216584 	-0.00216116
d3da1ae1-2cef-43cb-aa52-8e3e2424bc9e	0.02909249 	0.00210970 	-0.00210526
ae6bf9da-c2b6-4163-813f-e53c6f11d3fe	-0.01128557 	-0.05947064 	0.06323103
30cb1338-47e3-4fd3-8dba-56e5ba703eb1	-0.02878598 	-0.02061856 	0.02105263
a1da1e09-ff9e-41c5-bb0a-9d4a59a3ddb2	0.01111111 	0.00031397 	-0.00031387
2c3144b2-e9f4-4aac-a822-e4529bc3d759	0.08421412 	-0.00314465 	0.00315457
8e56b355-0606-4d32-8989-da8d5e1a3182	0.01578283 	0.05344935 	-0.05073746
0855a391-277c-4c65-a18b-6867a8608ce9	0.01522843 	0.06875000 	-0.06432749
e85b1141-8fc9-4c41-bf3a-f423633c2aaf	-0.00504475 	-0.01128557 	0.01141439
8db3e705-a1fc-4900-853a-eac8af07f059	-0.08890411 	-0.06480229 	0.06929260
eb38112d-9605-4227-9e2a-8fa7f77c23fe	-0.03564356 	-0.03388090 	0.03506908
8a8b6e10-21cf-4098-9377-973f5ff1da51	0.01716451 	-0.06443130 	0.06886859
59a39b3a-d1b1-44b8-a816-ab346afcae80	0.06638871 	-0.00060150 	0.00060187
a6441d59-cca1-4358-8286-773458728bee	0.01227513 	0.00773573 	-0.00767635
c50ec7ff-45c4-4c48-8624-696138bf1b96	0.09117781 	-0.05396958 	0.05704846
bbcd6c5d-40c4-45e8-984a-434db1819bc3	0.00000000 	0.01354467 	-0.01336366
dd978333-4c30-4f53-a9a3-96aa4213fc80	0.00000000 	0.08571429 	-0.07894737
dc1d1513-09ac-49b6-affe-622c0af551d0	0.03205495 	-0.03161398 	0.03264605
7bdd5b06-87c8-49b8-b2a9-6ed10b181d19	0.00014138 	-0.02219395 	0.02269770
50be0a6d-f58d-4591-9bb4-f4b46c38d3f0	0.00668605 	0.00750794 	-0.00745199
f4131805-1637-4713-86e0-5f3f1f6be53a	0.01184629 	-0.01456311 	0.01477833
6a2a1402-8478-4ce2-bab9-7b75a08264d5	-0.01420217 	0.03898305 	-0.03752039
1f974ce0-1c66-44da-b749-7aed17aadb86	0.00856590 	0.03561644 	-0.03439153
262eb305-2ba2-4bea-b3ce-37cac840e03b	0.02046385 	0.00534759 	-0.00531915
1d02dbe5-4fab-4fed-a81d-6ed1ccd92596	-0.01062640 	0.02261164 	-0.02211166
1dd52a9d-fba6-4d93-9e06-28b03fda4a88	0.18293902 	-0.10140845 	0.11285266
5577a7fe-aa12-41c7-bff1-e705b92f5442	0.10291859 	0.00278552 	-0.00277778
26983d09-2cc1-4012-8965-c7450d3df09e	-0.02286213 	-0.04875871 	0.05125798
f66ef420-a35d-461c-b332-b9e95c04a3d3	-0.00159109 	-0.00398406 	0.00400000
4dc44f52-e7a4-4a9d-8e45-b7fd9f179a20	0.00023073 	0.02883506 	-0.02802691
84d27590-a3c2-4f7a-a8df-f8283ce3b2a4	0.02377807 	0.07834101 	-0.07264957
7f942b3f-3d1e-4f01-bb86-d77a13cc4474	-0.05897114 	-0.13413333 	0.15491223
6afd412e-07c3-4718-b043-02d5aae32f0e	-0.01531151 	0.04021448 	-0.03865979
da3104d6-b8c0-474b-9871-4d73b8d221c2	-0.00873138 	-0.01554404 	0.01578947
d68208cb-6fb3-4bcb-b80b-bdd8dfdd1b49	0.00810811 	-0.00214477 	0.00214938
e88864c6-0436-43db-9bf8-c0ea2f9089c3	-0.00106695 	-0.01655541 	0.01683410
97fc366e-17cf-4aa5-8827-74c992dcc514	-0.02457956 	-0.00265252 	0.00265957
aaddea95-8099-4b65-ab9b-3cdc1bce77fa	-0.08560976 	-0.14297146 	0.16682228
f2dce693-044b-476b-82d5-2e6bdb7525a8	0.02192745 	0.01668874 	-0.01641480
021bf264-d1c2-4935-ae93-c3f5d34253a8	-0.00026274 	0.00210250 	-0.00209809
5a0614a0-e634-4b98-b18f-ebff74cb7eb7	-0.01250000 	-0.00261894 	0.00262582
7fb468da-9a41-403c-a963-70ba418871b9	0.00559441 	-0.00886648 	0.00894580
8862b2ba-7c1a-4faa-9046-e82b37974022	0.01651613 	0.12972836 	-0.11483146
e3fffc77-0dfd-46de-99b3-7a089af1edd1	-0.03595506 	-0.01320901 	0.01338583
c75e7499-ea4d-45e7-a9d5-d95588da6efe	0.00155682 	0.04922280 	-0.04691358
beef432f-98b7-4b23-af6a-c99e7f390c26	0.01522456 	0.00174956 	-0.00174651
c099278e-d698-4619-bf0d-dc173f8570a1	0.05194805 	-0.02493827 	0.02557610
bbe64cb3-e447-4c99-aed1-ef9bec57dccb	-0.00374813 	-0.03511412 	0.03639199
c81a923b-7eaa-4bcc-8a54-b7f1ae6168e4	0.00502639 	-0.00725181 	0.00730479
39b2f3e9-22ae-47e5-85ad-d2b9df1bf74d	-0.01318945 	0.00340219 	-0.00339065
059695c5-a3b2-4c25-81fa-0a9608408404	-0.01378327 	-0.00771084 	0.00777076
a5e91d8a-1b71-4f6b-a6bf-5a8d4154e11b	0.12608696 	0.11003861 	-0.09913043
21cffc9d-02d0-49a9-924a-5e681efd5ea6	-0.18039523 	-0.00716161 	0.00721327
33ac3742-c533-4eeb-8f73-5f40c1270796	0.16460442 	-0.11880232 	0.13481914
f3a8790e-deec-47e0-b5fb-b35b2c954919	-0.04430678 	0.01240817 	-0.01225610
ef33d0ae-23cc-44e3-956b-fb1ea489373c	0.00591716 	-0.01223529 	0.01238685
cb98b39b-94ae-4900-9cdc-a13cfa212870	0.01240817 	-0.00024390 	0.00024396
7fab57bf-d6c7-49a5-af52-53b7223468a3	0.02678747 	-0.00537119 	0.00540019
7ed0b631-0911-4305-968b-3dfa8273fa48	0.02508348 	-0.06060606 	0.06451613
0caf0f8d-5e92-4fe9-a227-ebdbc192d3bb	0.01770992 	-0.00090009 	0.00090090
04aba860-6bab-45ff-9ed7-09841ca38525	0.08913309 	-0.11210762 	0.12626263
940c83fe-0a7b-44c2-ab35-140456b30b20	0.00260134 	-0.00972973 	0.00982533
3b13bb19-9ed4-4638-ae74-a1716748e6f8	-0.01735313 	-0.01212766 	0.01227655
0447c477-2a64-4475-a79d-72a685f0387a	0.09366197 	-0.03412750 	0.03533333
1c90c9c4-c99d-40bb-a128-20fc86cae71c	0.00432900 	-0.00452586 	0.00454644
83c26a20-6552-4112-a404-856d0729be2c	-0.02288376 	0.01948187 	-0.01910958
14445f9a-a5a3-4bdc-85c3-7dde011c3d35	-0.00442478 	0.01656566 	-0.01629571
86d581b1-945a-4ae3-a132-69eb614f538b	0.00534336 	-0.01968504 	0.02008032
1f41daa3-9944-48a5-a470-a1b00ee85fca	-0.05438813 	0.03137255 	-0.03041825
70162464-8450-40cc-ba8b-c45e7d0659c2	-0.00955056 	-0.02628096 	0.02699029
c2e1d4da-3d84-4af2-afe4-d12fcb6f35d7	0.01518139 	-0.03903671 	0.04062247
15b193c7-fa27-4eb8-b2e7-7d04baa7e9c3	0.07673369 	0.08708079 	-0.08010517
c5a58e4e-cb28-4dff-ab6e-28ee3f597c24	0.19117647 	0.12060779 	-0.10762712
b784870a-b427-4aa5-9692-90dfabe01d72	-0.03043111 	0.02528335 	-0.02465986
8b3dac56-45ef-443c-a749-7ef381db7bfa	-0.00957107 	0.02899069 	-0.02817391
7ad28e54-a905-41af-b8d6-62baddaf5cbc	0.00322292 	-0.01820453 	0.01854208
ccfffa65-bcee-4c8b-95fc-ea2ad7c486a1	-0.00987868 	-0.00507614 	0.00510204
d1f1c33f-1663-4922-b4d9-80fb0fc884c5	-0.00918197 	0.00926706 	-0.00918197
ab3f5596-6588-4588-813b-4a470466fcb0	0.00217828 	0.00117037 	-0.00116900
2150e20b-3803-4538-a75a-41c9f7a0285f	0.11668525 	0.00831947 	-0.00825082
c3cc7c72-c7d7-4dcc-b15a-c5c4ef5f4f1b	-0.00612989 	-0.01650275 	0.01677966
7a966d09-c935-447f-bad8-eb9da242ac50	0.00192061 	0.04552716 	-0.04354469
7399af46-d8e9-4ca4-9208-37975870a01c	0.01219105 	0.03877248 	-0.03732529
68937390-e8e8-48c1-a70d-4712186950cf	0.03877248 	0.00031766 	-0.00031756
9e69d3db-2fde-4488-8b18-e0565360c2e8	-0.01229135 	0.03733292 	-0.03598934
edaef088-2a40-48b7-a05c-c7e78ccc54b8	-0.04468719 	-0.10914761 	0.12252042
98c62a81-e30c-45ba-a839-7f9fe1317e9c	-0.00114318 	0.04434907 	-0.04246575
9683b3b4-5d82-4e2e-a60d-b68f4e0dff7b	0.00614785 	0.00074516 	-0.00074460
fdd3b912-7292-47c9-a8dd-f29d54db407d	-0.00796524 	-0.01459854 	0.01481481
d69d6957-c0b0-4bf6-b8cb-147b8726e233	-0.00931900 	-0.00173661 	0.00173963
352c6910-4b74-46b9-aae3-efd3d3ac76e0	-0.01288803 	0.01066966 	-0.01055702
3826da09-71cc-4724-87f8-151fe46e12ef	-0.01015089 	-0.01288803 	0.01305630
1e057887-864f-4763-bbed-92bb5e475fa5	-0.06795132 	0.00462459 	-0.00460330
2a323951-cb64-4ebd-9b56-9b4a3448eed7	-0.02515959 	-0.08179250 	0.08907845
56a3b6dd-53a7-464a-b8e4-b8fc9f441a6a	0.10006515 	0.09996447 	-0.09087972
8e8f7a3a-45f2-4288-a8bf-a0a6b87ebbaf	-0.03968254 	-0.12396694 	0.14150943
b01b9df4-bd0d-4cfb-af85-a51ddd0818c3	0.00101484 	-0.03681409 	0.03822117
b49c6eef-bd81-435e-bdfd-73774c54aa64	0.00950683 	0.02589759 	-0.02524383
fad4daa6-97a4-4512-a516-f7a6b2e0499b	-0.01517530 	0.02205101 	-0.02157525
1d92165e-e628-4cdb-8b8a-2a7df099231e	-0.00871322 	0.00917197 	-0.00908861
7b54dcde-bb49-4c85-be9b-d8e9f8bc555b	0.00385588 	0.02373906 	-0.02318858
6752f164-cff8-4e7d-a29a-d9bfb7cf824d	-0.03725408 	0.04347826 	-0.04166667
49350741-cb63-4284-9991-60ff1ecf7d45	0.02405660 	-0.00971902 	0.00981441
ac379e3c-22e1-43ce-8899-47428315f557	0.02539419 	-0.00878116 	0.00885895
f0290f58-3032-47c9-8823-3e6cd2064e2d	0.00027515 	-0.00978466 	0.00988134
c7e491e4-5b7e-49ce-823d-71761e04f976	-0.00097720 	0.00978155 	-0.00968679
45c6bfa5-c7c6-4bf1-ac2a-72cf6891ee39	-0.00081367 	-0.00048860 	0.00048884
5ff6afcf-01eb-41fd-ae34-9f875d0c34ba	0.05336891 	-0.00718809 	0.00724014
9fd9b509-3d9a-4eb1-88ce-9b7f6222e71b	0.00093721 	-0.01966292 	0.00573066
b2b22a93-fed0-4586-8f40-83b7090790b5	-0.15100000 	0.08745583 	-0.20877335
7c58777a-a5e0-4c74-95ba-6e2c45a28788	-0.04035309 	-0.00118265 	-0.01986581
8fe6f56d-1147-4914-89d0-aa555e2277d1	0.05994898 	0.00962696 	0.02324195
42795bd7-4fa9-4743-b513-a423cdef3174	-0.00378788 	-0.00570342 	0.01720841
055438b5-eb20-43e5-a8e2-16ccc9351b5e	-0.05889571 	-0.05475880 	0.11241379
cee99e8b-726c-4baa-9974-91a78f0a2c25	-0.05809524 	-0.00278059 	-0.01140684
58cd2839-456a-4fc7-8a09-c448849109cd	0.00802512 	0.02734510 	-0.01482480
cfe325e4-7069-4b03-9fc9-dcf3918485a6	-0.01536211 	-0.05111441 	-0.03225806
86d35977-cb02-4e9f-afd9-76e82008dbc0	-0.01092354 	-0.01606426 	-0.01020408
c12a6867-bcc3-4af4-b9ae-528d0a380a18	-0.00735294 	-0.00056980 	-0.01368301
b7181b43-b740-4eac-bf1b-8e8177525101	-0.02514286 	-0.00273544 	0.02507837
abf0d042-4a42-40e0-af8e-5a927dff5469	0.01241050 	-0.03976112 	-0.01849427
6fdcab14-4cc5-4c0f-84d7-e7c266e0ac91	0.08809135 	0.00849575 	0.05054509
1079ea95-ad41-4465-aa46-ba240e403931	-0.01495726 	0.01084599 	0.02145923
f6f5fec6-47b3-4935-a494-ad3d1d3e518c	0.00816993 	-0.01166937 	0.01344703
8b10e694-b2b6-4eaf-af14-4874e4db0264	0.06932773 	0.00392927 	-0.00508806
46f6c778-e185-41f5-acc0-b60aeaefd3f7	-0.00279156 	0.04665630 	-0.01069837
343a4156-0b7b-4fb8-8e18-0d67e69ea13f	0.18636364 	0.01176793 	-0.04517176
ae31ab26-6b02-4c16-b87a-b9a2e51aab48	-0.01038062 	0.01223776 	-0.00820380
36eed63f-c307-44a5-a0e8-87942dc86378	-0.15535714 	0.10641297 	-0.05732484
acaa0490-c103-49de-9812-ca99548d4936	0.00259067 	-0.00947459 	0.00956522
9ed27257-7e47-40d3-bcfc-dc7a9dbdd1ee	0.01609195 	-0.01018100 	0.00114286
8511b07f-803e-4a70-a5c9-87f88f469b4a	0.00195440 	-0.00650195 	-0.00261780
b5afccfb-eac2-4eb8-8eae-c5dd544a9cce	-0.00857633 	-0.01384083 	-0.00307018
263f2b29-25eb-41c5-a109-c79625bad81a	-0.00528302 	-0.00227618 	-0.00836502
f027493b-6ca9-4b07-85fe-a41ee99c84e5	0.00867840 	0.04006883 	0.00449066
1a1f98bf-9c88-4c45-87a9-68a3cb03b693	-0.00113314 	-0.00595576 	0.00370899
81abba5c-d268-4d0b-b8d5-e98a12ba71e2	0.01419214 	-0.00251166 	-0.03165468
88b0da09-bbdd-4b90-80e6-d719efdc1862	-0.03038674 	0.03133903 	0.03425414
7ea12d72-b127-4e09-b286-d47aa6af41d8	-0.15542763 	-0.11846803 	0.08321060
ba68f69e-e332-4e17-b7a1-91d721b1e930	0.01566448 	0.02338308 	0.06951872
8d71eb5a-ceaf-4750-8be0-758ae5c74082	-0.18443696 	-0.10504587 	0.06611994
819f99da-995f-4c11-9c18-560d0f5ed730	0.00529101 	-0.00714286 	0.03369936
3048a956-b91f-48d8-82fd-a26a55f6867d	-0.01915709 	-0.00390625 	-0.01568627
3c5c7b76-1990-4fb4-a2ee-55c654e8ef61	-0.00900901 	-0.01272727 	0.00644567
84e27922-54d4-438a-960b-dfa180126a8e	-0.04690504 	-0.03186769 	-0.00833333
ae15d98f-596f-4772-a5ba-0b31fd7724fa	-0.00249307 	0.02193835 	-0.05489130
b7d9b20d-5e72-4625-b84e-3fa26cd9dd0f	-0.02670623 	-0.06707317 	0.00816993
d1392845-eeda-482f-87f5-8c55f5db7001	0.04843750 	0.04083458 	-0.04123711
222bad4d-412c-4875-a7fc-df262571ff0a	0.02542744 	-0.00598546 	0.02666667
8e21da70-6d29-4c44-840c-8208eac3a78a	-0.00225819 	0.04073934 	-0.01812251
390f2c9e-e0dd-4834-85a2-c17f618ca33b	-0.04910026 	0.00973236 	0.02730924
f8ef1263-f1f9-47c3-8b56-6fe346f0ceb6	-0.54480797 	0.07500000 	0.03430233
eef48ef6-39a1-4f4d-adb4-f96f2282631a	-0.01243907 	0.01770213 	0.05260077
dbf6697b-cfb2-458f-b219-18fd7811726e	-0.00465839 	-0.00936037 	0.01574803
cc5d1411-21cf-4834-8b7e-7d7337c94f49	0.12181479 	-0.00249307 	0.02193835
5f44987b-57c9-4bf4-9d42-6cd86cf7d2a0	0.00555556 	0.00055249 	-0.00552181
b3e9f975-abec-4a5c-8278-37a0bfba2ad0	-0.02274247 	0.02053388 	0.00335345
8f027e53-168f-4d41-878e-878e54532b27	0.10012516 	0.10011377 	-0.10961737
9d9ec7cc-d620-4179-987b-acb039682bb0	0.02272057 	0.00057703 	0.02277970
5b27bcac-da98-4650-b2ee-9d8e551e5627	-0.00623396 	-0.01476015 	0.04494382
cc64ba0f-11c1-4e69-9d47-efa4269c1ee2	0.06660862 	0.02040816 	-0.06000000
3e509edf-5c39-4886-a508-8abe40a500b8	-0.08590164 	-0.12159254 	-0.01388322